257331
257311
257321
257351
257341
250001
25010
25009
25008
25007
25006
25005
25002
25001
25004
25003
250254
25888
25889
25822
25823
25892
25880
25881
25864
25865
25838
25839
25840
25841
25900
25902
25903
25905
25844
25845
25830
25831
25862
25863
25846
25847
25782
25783
2587012
2587112
25886
25887
25893
25894
25915
25917
25792
25793
25790
25791
25808
25809
25810
25811
25812
25813
25784
25785
25828
25829
25832
25833
25826
25827
25824
25825
25852
25853
25788
25789
25802
25803
25804
25805
25806
25807
25860
25861
25876
25877
25884
25885
25836
25837
25848
25849
25850
25851
25866
25867
25868
25869
25872
25873
25814
25815
25794
25795
25842
25843
25882
25883
25834
25835
25786
25787
25816
25817
25798
25799
25800
25801
25874
25875
25818
25819
25820
25821
25854
25855
25856
25857
25858
25859
25796
25797
25878
25879
25895
25896
25897
25899
25909
25911
25912
25914
25906
25908
25890
25891
25901
25904
25916
25898
25910
25913
25907
25919
25918
25920
25023
25024
25021
25022
25013
25014
25019
25020
25017
25018
25015
25016
25011
25012
